function corrupted_signal = sampleSignal()
corrupted_signal = [
1.6434360659246865 - 1.1923715471335741i
0.97836406638860751 - 1.5596555870581288i
1.7467553282722375 - 1.7197478687908345i
0.26795381421955922 - 1.6762054553210461i
0.91437399877950742 - 1.4506247581779772i
0.21064371146443894 - 1.0797522974847014i
-0.22730044153905882 - 0.61132175585550508i
-2.2736403858928234 - 0.0990360851298131i
-2.3840767341780138 + 0.40281748492606351i
-2.94797317861977 + 0.84460846414191493i
-3.4723184163745766 + 1.1859731911488853i
-3.4833854606093846 + 1.3993756342329728i
-3.7985594343371751 + 1.4723067228649633i
-3.8418295676732663 + 1.4079435387260344i
-3.8947466039101579 + 1.2242378893723496i
-2.7318352524960066 + 0.95155280611065973i
-3.2054669294585025 + 0.629101554253708i
-2.2938984680822005 + 0.30055434938400416i
-1.8704698165799833 + 0.0092531257295100922i
-0.80327111117762917 - 0.2064922546436303i
0.3757532220937207 - 0.31756474818177738i
0.057449942110400887 - 0.30725139972036253i
1.3526165819675668 - 0.1731918240893584i
1.2731298345956561 + 0.0721272518412599i
2.2722850501447311 + 0.4023828752631079i
0.86739374989758256 + 0.77983959731990871i
0.702160907029735 + 1.158958413348079i
2.2136686645304668 + 1.4908497949679314i
0.8246240116500666 + 1.7281482730753823i
-0.68125657816651586 + 1.8298441730510915i
-1.1483722430761358 + 1.7656096399515206i
-0.93312445663225274 + 1.519200841708974i
-1.2920774135805839 + 1.0906020430903638i
-1.7504936849460475 + 0.49669235827246805i
-1.727411312149294 - 0.22964819333182951i
-2.3194150253042825 - 1.0419326794550998i
-2.5926224236317115 - 1.8837616490470768i
-1.9306469010781822 - 2.69349707040957i
-1.1943127059348324 - 3.4095026567485829i
-1.922993322596301 - 3.9754825141536996i
-1.6638410029650177 - 4.3454375943104226i
-0.56473412530942768 - 4.4877906342009677i
-0.91920999153526561 - 4.3883023451155667i
-1.0069200524517263 - 4.0515080903856884i
0.064813925382150472 - 3.5005355665045834i
0.5302633143872495 - 2.7753082365344377i
0.6731140622026025 - 1.9292834541738078i
0.12121021789266151 - 1.0250053712907019i
0.40296732786317047 - 0.12885903760505113i
0.29654384491940877 + 0.69451597562287837i
1.0185123493689379 + 1.387663014083734i
0.29754591796774221 + 1.9051199559319993i
0.52485845845662848 + 2.2171831087066924i
0.32757471816357603 + 2.3122939873801567i
-0.23044909848401662 + 2.1978412697349552i
-1.2703732129758458 + 1.8993102241220878i
-0.13693708556054851 + 1.4578576986884295i
-0.00016031142317241009 + 0.92652936106997918i
-0.76089711686244754 + 0.36545497685923078i
-0.36975171718770661 - 0.1635534110599759i
-0.57350205148832689 - 0.602524301306111i
0.53775441200920326 - 0.90248545334564412i
-0.37921974459070495 - 1.0278072829683795i
-0.31894992944821865 - 0.95935326188544934i
-1.0723323504898685 - 0.69616617700477446i
-1.0649609183254749 - 0.25554900684368709i
-1.58200591024646 + 0.32845917610479058i
-0.73154093179574131 + 1.0080710679342186i
-1.0343560243882326 + 1.7259340492979394i
-2.0081902116976433 + 2.4201364236122744i
-0.28976142396070004 + 3.0295956439852034i
-1.4536348487251773 + 3.4993569144207584i
-1.7911685819394108 + 3.7853419608275249i
-0.993149483298564 + 3.8581395189872736i
-3.1350587135471226 + 3.705516261334393i
-1.69775773492496 + 3.333441461717106i
-1.3568074799920729 + 2.7655502960509168i
-0.86019943548462008 + 2.04110750110939i
-1.0699691777520324 + 1.2116630179179508i
0.18861107974857916 + 0.33670282156906695i
-0.7965784944473866 - 0.52131827480734483i
0.78802906266771433 - 1.3021265245935125i
1.2608160735177427 - 1.9525169381302327i
1.2049450197446763 - 2.4305635117665876i
1.4773196276770451 - 2.7088025542248677i
0.81874019436763068 - 2.7761352694960495i
1.2834941922238192 - 2.6383122312036571i
0.46702921727722246 - 2.3169890612175283i
-0.63801819693954887 - 1.8474680569775594i
-0.45298039483253533 - 1.2753535123718809i
-1.1561997665036079 - 0.65243912796211911i
-1.8971532284875736 - 0.032206435692280433i
-1.5843615191867131 + 0.5346613793186703i
-2.2068558396068991 + 1.0043572064655737i
-2.6129418129307247 + 1.3432727120025454i
-2.8638884686512935 + 1.5302962687260373i
-1.6465097251256893 + 1.5579160517476858i
-1.6689598191917354 + 1.4320713166081709i
-1.9767556839102074 + 1.1708107863787782i
-1.3036551670437082 + 0.80192514356547018i
0.065019420130405181 + 0.35981103747759158i
0.90198408085166948 - 0.11811128529180426i
1.2509751180193704 - 0.59507123426306552i
1.185300242887994 - 1.0383570818645902i
1.6462848129773333 - 1.4221401697807952i
2.8115270335203304 - 1.7294569276179932i
2.3044592990141908 - 1.9531787212473153i
2.3564062995139792 - 2.0959017208819146i
2.7088415692419536 - 2.1687963318315697i
3.1974172177591065 - 2.189558073238274i
2.4423451196200276 - 2.1796894744790238i
2.0152513560977732 - 2.1614073711841009i
1.9058012573557093 - 2.1545058949860696i
0.829901710030857 - 2.1735091688642849i
-0.505078585996042 - 2.2254189756829281i
-0.075560951204480753 - 2.3083042334669353i
-0.78888105645005879 - 2.4108965324583354i
-1.5051199937521984 - 2.5132570636264826i
-1.975590217190093 - 2.5884743196258331i
-2.2126075277710768 - 2.6052489623256259i
-1.9773681146034308 - 2.5311319496739255i
-2.2849406049780794 - 2.3361129640708089i
-1.9319189376997179 - 1.9962150022902025i
-2.144200031012621 - 1.496741733802339i
-1.2938966707744659 - 0.83484803850545664i
-1.0046534751817009 - 0.021159086003693151i
0.031126812599768128 + 0.91975536182950712i
0.83686794917249785 + 1.95014427i
0.92411118958863359 + 3.0210584872892881i
1.1694898086788306 + 4.0754251385985567i
1.1440474050488671 + 5.0519836752299252i
1.1672947623329262 + 5.88977206445725i
1.2907002959274461 + 6.5327962109358833i
0.48178773161324356 + 6.9344920319795618i
1.1947405720638886 + 7.0616000030076815i
0.01536780117512293 + 6.897115762612283i
0.80405155017926877 + 6.4420538600044992i
-0.10240479609660863 + 5.71585863581855i
-0.32618356099919543 + 4.7554081613159989i
-0.1996997877805502 + 3.6126743960905277i
-0.76347323559272517 + 2.3512150653879234i
-0.1920005159225294 + 1.041770445123146i
0.27579133772001496 - 0.24268718573280279i
-0.51796452500661827 - 1.4320586271974187i
-0.2241767968991219 - 2.4639728849298215i
-0.49360335612037576 - 3.2880103906746427i
-0.058599530264908495 - 3.8689670245931786i
-0.88536473854526621 - 4.1889135231802133i
-0.780690233697636 - 4.247906701739014i
0.2109613090077691 - 4.0633217985022938i
-0.59688949143966163 - 3.6678893314267365i
-1.7769660104362375 - 3.1066253042528889i
-0.7869054063378933 - 2.4329314122380428i
-1.8633052565071013 - 1.7042047231186386i
-1.3364277221971292 - 0.97732905866118325i
-1.0713202451105786 - 0.30442058674155903i
-0.567037442848279 + 0.2708315568505828i
-0.93234406261760872 + 0.71594916902835215i
-0.080100214667827574 + 1.0113762308911454i
0.993203141183231 + 1.1510188049399459i
-0.41931443714925393 + 1.1416195844658867i
0.51970472411992363 + 1.0010746946059543i
2.2006185828505762 + 0.75588987674460206i
1.9048562200382986 + 0.43804293137829109i
2.4459969109741184 + 0.081563411313154921i
3.2598659945948345 - 0.28084440253769127i
4.1327530022669512 - 0.62082402971170347i
2.3824901456719507 - 0.91676637060336486i
2.5174844038971882 - 1.1553841767720958i
2.742230011676519 - 1.3323425964851179i
2.4523720822829436 - 1.4519194618427118i
2.0723004235999851 - 1.525761962370817i
1.3441268531518813 - 1.57089126940702i
1.5816380543234154 - 1.6071758357636285i
-0.0770621731905099 - 1.6545413429416231i
-0.027197059169638438 - 1.7302065403379689i
-0.077200053566790716 - 1.8462278909811287i
-0.75000979426020853 - 2.007602938261591i
-1.4961461722322533 - 2.211126015407499i
-1.2043020120246046 - 2.4451158225042398i
-1.3787970246759205 - 2.6900495698206379i
-1.3354942616004846 - 2.9200508287431512i
-0.016493398519767277 - 3.1050961203478518i
-0.41158322381959089 - 3.2137362115999553i
-0.1383365115136459 - 3.2160784190447966i
0.26646640126908389 - 3.0867504397645158i
1.2049941719653003 - 2.8075666015403762i
0.80655187625752578 - 2.3696437815673512i
1.0841333481047957 - 1.7747640220919185i
